1
6
64
5
489
4
351
48
468
31
68
61
23
987
4651
4
974
351
6876
10
584
450
51
982
891
56
561
84
1
61
64
987
681
364
9874
21
54
156
18
15
19
81
92
798
1
14
987
81
6781
97
96
54
8140
5
9864
68
54
6416
0
1465
1498
49
4
682
06525
01
25
2552
0529
60
5462
2852
58
29
865
28965
896
498
29
9846
54
659
82
64
87
1
22
6
1
3
2
654
897
98
1
897
51
6486
513
45468
1
654
468
45
64
456
654
984
25
564
6415
31
13
564
35
3514
17
64
798189
665
2465
1013
3
432
1465
13
123
12
46
5316
51
351
341
321
531
324
2312
12
13
1
212
15
405
05
4
5546
540
562
0561
64
056
5
265
5
1
645
651
210
2
21
465
45
312
1
3416
51
321
564
651
32
132
1
321
321
3
132
13
2
2
312
321
31
32
132
13
2132
13
21
65
1
864
165
54
65
56
5415
851
31
654
51
212
12
4
41
51
41
41
481
85
18
428
18
71
84
592
95
2
89529
65
298
58289
28
987
29
286
986
321
654
651
231
21
21
12
21
54
21
15
1
418
1
36
516
0
20
156
45
15665
156
1
51
54
1065
165
165
165
1
51
5165
198
985
1
59
956
56
12
985
63
25
25
2
51
84
841
984
42892
46
2
498
1416
8629
29
82
684
68
2489
28
24
6842
65
46
245
46
542
96
59
5896
2
498
26
984
289
2489
145
14
6
178
72
827
892
82998
419
82
8924
894
28
248
98
5298
4
2
2
16
45
5
156
4
948
98
298
9
8
98
89
28941
8914
981
489
148
41
841
8419
84198
4198
4
8148
1489
418
418
941
81
489
149
81
4198
14
891
41
9841
84
189
14
4
89
148
914
982
894
29
8
4
8
4
52
5
11
7
84
9
5249
4289
48
41
84
892
849
84
1848
249
8498
42
82
82
9
28
984
84
4
2
429
24
84
4298
42
8942
8924
894
94
28
254
651
45
41
9824
26
89624
196
5249
8614
25
418
85
852
82
8
81
48
124
624
4
5
4165
42
6524
687
46
541
8
1468
5274
68
748
274
8
741
98615
46
542
685
4682
4
68825
468
284
6825
4685
489
4
351
48
468
31
68
61
23
987
4651
4
974
351
6876
10
584
450
51
982
891
56
561
84
1
61
64
987
681
364
9874
21
54
156
18
15
19
81
92
798
1
14
987
81
6781
97
96
54
8140
5
9864
68
54
6416
0
1465
1498
49
4
682
06525
01
25
2552
0529
60
5462
2852
58
29
865
28965
896
498
29
9846
54
659
82
64
87
1
22
6
1
3
2
654
897
98
1
897
51
6486
513
45468
1
654
468
45
64
456
654
984
25
564
6415
31
13
564
35
3514
17
64
798189
665
2465
1013
3
432
1465
13
123
12
46
5316
51
351
341
321
531
324
2312
12
13
1
212
15
405
05
4
5546
540
562
0561
64
056
5
265
5
1
645
651
210
2
21
465
45
312
1
3416
51
321
564
651
32
132
1
321
321
3
132
13
2
2
312
321
31
32
132
13
2132
13
21
65
1
864
165
54
65
56
5415
851
31
654
51
212
12
4
41
51
41
41
481
85
18
428
18
71
84
592
95
2
89529
65
298
58289
28
987
29
286
986
321
654
651
231
21
21
12
21
54
21
15
1
418
1
36
516
0
20
156
45
15665
156
1
51
54
1065
165
165
165
1
51
5165
198
985
1
59
956
56
12
985
63
25
25
2
51
84
841
984
42892
46
2
498
1416
8629
29
82
684
68
2489
28
24
6842
65
46
245
46
542
96
59
5896
2
498
26
984
289
2489
145
14
6
178
72
827
892
82998
419
82
8924
894
28
248
98
5298
4
2
2
16
45
5
156
4
948
98
298
9
8
98
89
28941
8914
981
489
148
41
841
8419
84198
4198
4
8148
1489
418
418
941
81
489
149
81
4198
14
891
41
9841
84
189
14
4
89
148
914
982
894
29
8
4
8
4
52
5
11
7
84
9
5249
4289
48
41
84
892
849
84
1848
249
8498
42
82
82
9
28
984
84
4
2
429
24
84
4298
42
8942
8924
894
94
28
254
651
45
41
9824
26
89624
196
5249
8614
25
418
85
852
82
8
81
48
124
624
4
5
4165
42
6524
687
46
541
8
1468
5274
68
748
274
8
741
98615
46
542
685
4682
4
68825
468
284
489
4
351
48
468
31
68
61
23
987
4651
4
974
351
6876
10
584
450
51
982
891
56
561
84
1
61
64
987
681
364
9874
21
54
156
18
15
19
81
92
798
1
14
987
81
6781
97
96
54
8140
5
9864
68
54
6416
0
1465
1498
49
4
682
06525
01
25
2552
0529
60
5462
2852
58
29
865
28965
896
498
29
9846
54
659
82
64
87
1
22
6
1
3
2
654
897
98
1
897
51
6486
513
45468
1
654
468
45
64
456
654
984
25
564
6415
31
13
564
35
3514
17
64
798189
665
2465
1013
3
432
1465
13
123
12
46
5316
51
351
341
321
531
324
2312
12
13
1
212
15
405
05
4
5546
540
562
0561
64
056
5
265
5
1
645
651
210
2
21
465
45
312
1
3416
51
321
564
651
32
132
1
321
321
3
132
13
2
2
312
321
31
32
132
13
2132
13
21
65
1
864
165
54
65
56
5415
851
31
654
51
212
12
4
41
51
41
41
481
85
18
428
18
71
84
592
95
2
89529
65
298
58289
28
987
29
286
986
321
654
651
231
21
21
12
21
54
21
15
1
418
1
36
516
0
20
156
45
15665
156
1
51
54
1065
165
165
165
1
51
5165
198
985
1
59
956
56
12
985
63
25
25
2
51
84
841
984
42892
46
2
498
1416
8629
29
82
684
68
2489
28
24
6842
65
46
245
46
542
96
59
5896
2
498
26
984
289
2489
145
14
6
178
72
827
892
82998
419
82
8924
894
28
248
98
5298
4
2
2
16
45
5
156
4
948
98
298
9
8
98
89
28941
8914
981
489
148
41
841
8419
84198
4198
4
8148
1489
418
418
941
81
489
149
81
4198
14
891
41
9841
84
189
14
4
89
148
914
982
894
29
8
4
8
4
52
5
11
7
84
9
5249
4289
48
41
84
892
849
84
1848
249
8498
42
82
82
9
28
984
84
4
2
429
24
84
4298
42
8942
8924
894
94
28
254
651
45
41
9824
26
89624
196
5249
8614
25
418
85
852
82
8
81
48
124
624
4
5
4165
42
6524
687
46
541
8
1468
5274
68
748
274
8
741
98615
46
542
685
4682
4
68825
468
284
6825
489
4
351
48
468
31
68
61
23
987
4651
4
974
351
6876
10
584
450
51
982
891
56
561
84
1
61
64
987
681
364
9874
21
54
156
18
15
19
81
92
798
1
14
987
81
6781
97
96
54
8140
5
9864
68
54
6416
0
1465
1498
49
4
682
06525
01
25
2552
0529
60
5462
2852
58
29
865
28965
896
498
29
9846
54
659
82
64
87
1
22
6
1
3
2
654
897
98
1
897
51
6486
513
45468
1
654
468
45
64
456
654
984
25
564
6415
31
13
564
35
3514
17
64
798189
665
2465
1013
3
432
1465
13
123
12
46
5316
51
351
341
321
531
324
2312
12
13
1
212
15
405
05
4
5546
540
562
0561
64
056
5
265
5
1
645
651
210
2
21
465
45
312
1
3416
51
321
564
651
32
132
1
321
321
3
132
13
2
2
312
321
31
32
132
13
2132
13
21
65
1
864
165
54
65
56
5415
851
31
654
51
212
12
4
41
51
41
41
481
85
18
428
18
71
84
592
95
2
89529
65
298
58289
28
987
29
286
986
321
654
651
231
21
21
12
21
54
21
15
1
418
1
36
516
0
20
156
45
15665
156
1
51